29.000000
83.000000
27.000000
65.000000
15.000000
32.000000
22.000000
98.000000
54.000000
35.000000
82.000000
57.000000
15.000000
40.000000
8.000000
10.000000
15.000000
8.000000
48.000000
66.000000
13.000000
62.000000
98.000000
18.000000
10.000000
58.000000
15.000000
14.000000
44.000000
11.000000
90.000000
19.000000
78.000000
10.000000
58.000000
13.000000
63.000000
62.000000
76.000000
77.000000
38.000000
94.000000
34.000000
82.000000
37.000000
21.000000
8.000000
90.000000
8.000000
16.000000
74.000000
96.000000
19.000000
1.000000
9.000000
75.000000
42.000000
15.000000
65.000000
38.000000
90.000000
58.000000
79.000000
22.000000
53.000000
92.000000
8.000000
59.000000
58.000000
88.000000
22.000000
67.000000
85.000000
94.000000
93.000000
27.000000
35.000000
87.000000
40.000000
11.000000
11.000000
67.000000
13.000000
52.000000
20.000000
40.000000
27.000000
47.000000
27.000000
33.000000
91.000000
85.000000
31.000000
42.000000
49.000000
42.000000
69.000000
98.000000
95.000000
71.000000
55.000000
6.000000
98.000000
51.000000
44.000000
24.000000
52.000000
71.000000
35.000000
20.000000
66.000000
92.000000
55.000000
61.000000
59.000000
45.000000
40.000000
0.000000
20.000000
18.000000
70.000000
80.000000
45.000000
61.000000
82.000000
14.000000
4.000000
51.000000
39.000000
91.000000
53.000000
4.000000
15.000000
25.000000
38.000000
82.000000
14.000000
99.000000
56.000000
11.000000
2.000000
7.000000
73.000000
90.000000
60.000000
27.000000
87.000000
73.000000
10.000000
44.000000
93.000000
40.000000
2.000000
21.000000
96.000000
56.000000
97.000000
35.000000
21.000000
56.000000
95.000000
95.000000
1.000000
32.000000
42.000000
65.000000
77.000000
13.000000
25.000000
63.000000
59.000000
31.000000
83.000000
17.000000
17.000000
66.000000
40.000000
20.000000
88.000000
18.000000
3.000000
44.000000
8.000000
5.000000
80.000000
47.000000
58.000000
79.000000
5.000000
47.000000
66.000000
71.000000
60.000000
31.000000
3.000000
17.000000
75.000000
52.000000
47.000000
1.000000
58.000000
25.000000
39.000000
67.000000
88.000000
61.000000
18.000000
49.000000
96.000000
88.000000
36.000000
21.000000
66.000000
57.000000
2.000000
36.000000
83.000000
46.000000
97.000000
94.000000
73.000000
33.000000
12.000000
74.000000
50.000000
45.000000
6.000000
4.000000
98.000000
32.000000
84.000000
77.000000
91.000000
84.000000
50.000000
75.000000
73.000000
99.000000
95.000000
38.000000
91.000000
80.000000
22.000000
38.000000
84.000000
78.000000
40.000000
66.000000
81.000000
99.000000
92.000000
16.000000
45.000000
57.000000
28.000000
18.000000
70.000000
84.000000
76.000000
29.000000
4.000000
56.000000
16.000000
4.000000
88.000000
68.000000
98.000000
98.000000
71.000000
64.000000
34.000000
36.000000
71.000000
66.000000
82.000000
77.000000
20.000000
83.000000
84.000000
91.000000
34.000000
81.000000
74.000000
83.000000
39.000000
28.000000
48.000000
23.000000
48.000000
13.000000
92.000000
43.000000
89.000000
25.000000
7.000000
49.000000
4.000000
34.000000
38.000000
66.000000
18.000000
38.000000
55.000000
82.000000
80.000000
17.000000
72.000000
37.000000
7.000000
61.000000
0.000000
83.000000
95.000000
96.000000
89.000000
49.000000
77.000000
97.000000
6.000000
81.000000
39.000000
2.000000
82.000000
56.000000
24.000000
46.000000
21.000000
49.000000
88.000000
69.000000
70.000000
61.000000
25.000000
12.000000
36.000000
85.000000
15.000000
94.000000
92.000000
36.000000
89.000000
75.000000
46.000000
46.000000
4.000000
13.000000
64.000000
91.000000
91.000000
28.000000
1.000000
52.000000
20.000000
10.000000
90.000000
58.000000
58.000000
75.000000
18.000000
12.000000
76.000000
17.000000
81.000000
84.000000
8.000000
55.000000
30.000000
57.000000
68.000000
55.000000
62.000000
40.000000
13.000000
37.000000
20.000000
55.000000
28.000000
22.000000
75.000000
37.000000
54.000000
98.000000
32.000000
31.000000
-0.010938
0.005277
-0.005381
-0.011216
0.004064
-0.009101
94.000000
14.000000
95.000000
54.000000
41.000000
59.000000
97.000000
49.000000
49.000000
14.000000
82.000000
87.000000
50.000000
6.000000
3.000000
68.000000
81.000000
55.000000
24.000000
82.000000
14.000000
2.000000
45.000000
26.000000
29.000000
87.000000
42.000000
28.000000
81.000000
4.000000
65.000000
30.000000
73.000000
35.000000
97.000000
17.000000
97.000000
93.000000
89.000000
21.000000
41.000000
72.000000
-0.089025
-0.178395
0.049679
0.024417
-0.033943
-0.153831
0.009763
0.031686
0.015143
-0.020189
-0.227597
-0.144211
50.000000
44.000000
55.000000
88.000000
92.000000
2.000000
63.000000
67.000000
3.000000
56.000000
48.000000
58.000000
59.000000
1.000000
49.000000
47.000000
91.000000
7.000000
19.000000
54.000000
35.000000
13.000000
61.000000
19.000000
48.000000
14.000000
64.000000
92.000000
42.000000
44.000000
56.000000
85.000000
62.000000
96.000000
6.000000
42.000000
50.732894
6.134564
11.067841
57.000000
-42.206965
-13.908822
9.000000
5.000000
81.000000
35.000000
45.000000
6.000000
17.000000
-10.591035
25.000000
8.593652
14.535147
19.000000
95.000000
74.000000
19.000000
30.000000
33.000000
69.000000
65.000000
31.000000
23.000000
98.000000
51.000000
3.000000
74.000000
57.000000
67.000000
40.000000
66.000000
32.000000
49.000000
41.000000
46.000000
94.000000
18.000000
38.000000
82.000000
0.000000
23.000000
99.000000
73.000000
89.000000
26.000000
21.000000
72.000000
84.000000
56.000000
49.000000
86.000000
80.000000
91.000000
3.000000
42.000000
23.000000
25.000000
32.000000
87.000000
80.000000
10.000000
36.000000
14.000000
5.000000
99.000000
0.000000
81.000000
54.000000
87.000000
90.000000
38.000000
53.000000
70.000000
36.000000
1.000000
34.000000
20.000000
9.000000
38.000000
99.000000
51.000000
85.000000
11.000000
23.000000
96.000000
25.000000
85.000000
8.000000
0.000000
60.000000
69.000000
24.000000
53.000000
60.000000
25.000000
8.000000
34.000000
3.000000
68.000000
80.000000
91.000000
71.000000
42.000000
71.000000
62.000000
88.000000
55.000000
20.000000
23.000000
41.000000
55.000000
95.000000
5.000000
94.000000
94.000000
60.000000
49.000000
52.000000
3.261713
-29.758926
30.000000
42.000000
80.000000
45.000000
31.000000
30.000000
1.000000
25.000000
97.000000
95.000000
93.000000
70.000000
59.000000
50.000000
70.000000
49.000000
42.000000
46.000000
5.000000
82.000000
84.000000
64.000000
65.000000
2.000000
62.000000
11.000000
20.000000
24.000000
6.000000
37.000000
36.000000
9.000000
14.000000
14.000000
8.000000
95.000000
37.000000
96.000000
28.000000
28.000000
93.000000
35.000000
10.000000
94.000000
79.000000
62.000000
83.000000
98.000000
59.000000
18.000000
93.000000
62.000000
75.000000
59.000000
94.000000
67.000000
33.000000
16.000000
41.000000
18.000000
50.000000
58.000000
28.000000
21.000000
90.000000
52.000000
9.000000
34.000000
22.000000
98.000000
5.000000
40.000000
13.000000
23.000000
2.000000
21.000000
26.000000
67.000000
55.000000
55.000000
40.000000
89.000000
90.000000
2.000000
23.000000
61.000000
17.000000
89.000000
43.000000
1.000000
9.000000
16.000000
86.000000
61.000000
79.000000
13.000000
3.000000
81.000000
72.000000
90.000000
24.000000
70.000000
16.000000
38.000000
47.000000
8.000000
53.000000
95.000000
1.000000
54.000000
44.000000
4.000000
82.000000
54.000000
0.000000
83.000000
81.000000
6.000000
58.000000
57.000000
87.000000
35.000000
41.000000
28.000000
42.000000
82.000000
75.000000
65.000000
4.000000
36.000000
47.000000
26.000000
43.000000
46.000000
56.000000
22.000000
95.000000
80.000000
79.000000
60.000000
63.000000
42.000000
88.000000
52.000000
24.000000
21.000000
59.000000
52.000000
60.000000
23.000000
89.000000
79.000000
2.000000
33.000000
83.000000
68.000000
41.000000
83.000000
42.000000
76.000000
85.000000
97.000000
92.000000
11.000000
-0.267527
-0.356153
0.321211
-0.252083
0.228707
-0.228663
60.000000
96.000000
92.000000
7.000000
77.000000
93.000000
15.000000
42.000000
35.000000
31.000000
61.000000
67.000000
98.000000
46.000000
31.000000
87.000000
17.000000
82.000000
23.000000
58.000000
30.000000
68.000000
16.000000
21.000000
53.000000
49.000000
43.000000
8.000000
36.000000
63.000000
4.000000
51.000000
44.000000
54.000000
98.000000
58.000000
82.000000
5.000000
7.000000
46.000000
96.000000
74.000000
-2.058125
-0.103329
-0.743592
-0.023610
0.681210
0.435022
-4.451813
-10.440257
-15.808127
30.000000
34.000000
11.000000
3.000000
11.000000
16.000000
48.000000
39.000000
62.000000
15.000000
81.000000
0.000000
89.000000
43.000000
55.000000
7.000000
98.000000
55.000000
21.000000
27.000000
44.000000
10.000000
74.000000
80.000000
4.000000
82.000000
95.000000
17.000000
93.000000
13.000000
50.000000
7.000000
12.000000
62.000000
98.000000
26.000000
15.000000
31.000000
83.000000
1.901993
-0.155688
0.384169
0.903797
-0.397910
-0.543395
37.000000
55.000000
75.000000
87.000000
64.000000
93.000000
24.506465
21.000000
-14.878492
27.000000
-35.142194
-11.152892
45.000000
28.000000
31.000000
52.000000
64.000000
84.000000
16.000000
83.000000
41.000000
41.000000
42.000000
58.000000
12.000000
4.000000
60.000000
3.000000
24.000000
93.000000
57.000000
93.000000
34.000000
50.000000
79.000000
17.000000
28.000000
93.000000
1.000000
7.000000
85.000000
29.000000
20.000000
71.000000
62.000000
47.000000
42.000000
52.000000
53.000000
90.000000
93.000000
15.000000
17.000000
39.000000
46.000000
43.000000
6.000000
25.000000
77.000000
95.000000
53.000000
0.000000
96.000000
4.000000
10.000000
68.000000
55.000000
77.000000
13.000000
13.000000
15.000000
48.000000
43.000000
52.000000
5.000000
88.000000
1.000000
12.000000
0.000000
76.000000
22.000000
30.000000
1.000000
41.000000
77.000000
78.000000
76.000000
54.000000
61.000000
67.000000
68.000000
30.000000
72.000000
61.000000
35.358641
67.000000
10.000000
8.000000
62.000000
78.000000
2.000000
64.000000
73.000000
96.000000
73.000000
63.000000
83.000000
63.000000
74.000000
67.000000
57.000000
52.000000
14.000000
41.000000
29.000000
55.000000
98.000000
60.000000
41.000000
15.000000
53.000000
86.000000
88.000000
96.000000
69.000000
95.000000
88.000000
35.000000
72.000000
8.000000
48.000000
65.000000
60.000000
11.000000
76.000000
49.000000
72.000000
39.000000
91.000000
18.000000
82.000000
11.000000
76.000000
52.000000
1.000000
58.000000
21.000000
15.000000
98.000000
78.000000
59.000000
99.000000
26.000000
41.000000
18.000000
78.000000
85.000000
79.000000
96.000000
66.000000
70.000000
6.000000
23.000000
73.000000
33.000000
38.000000
28.000000
53.000000
1.000000
24.000000
20.000000
1.000000
3.000000
29.000000
94.000000
61.000000
55.000000
91.000000
80.000000
73.000000
18.000000
44.000000
90.000000
89.000000
92.000000
62.000000
61.000000
23.000000
70.000000
10.000000
18.000000
70.000000
42.000000
11.000000
48.000000
34.000000
82.000000
85.000000
40.000000
96.000000
50.000000
98.000000
19.000000
86.000000
67.000000
93.000000
19.000000
42.000000
48.000000
50.000000
30.000000
40.000000
10.000000
54.000000
66.000000
78.000000
59.000000
47.000000
45.000000
35.000000
66.000000
2.000000
35.000000
30.000000
26.000000
70.000000
82.000000
76.000000
87.000000
40.000000
64.000000
44.000000
13.000000
13.000000
96.000000
47.000000
84.000000
63.000000
2.000000
0.000000
84.000000
48.000000
92.000000
24.000000
78.000000
91.000000
57.000000
41.000000
67.000000
65.000000
24.000000
87.000000
55.000000
87.000000
66.000000
11.000000
92.000000
65.000000
67.000000
88.000000
9.000000
14.000000
30.000000
43.000000
45.000000
88.000000
82.000000
16.000000
48.000000
15.000000
99.000000
22.000000
99.000000
69.000000
38.000000
93.000000
7.000000
29.000000
82.000000
26.000000
56.000000
88.000000
-0.034544
-0.021649
0.005495
-0.002581
-0.041770
-0.004388
42.000000
78.000000
7.000000
17.000000
54.000000
72.000000
3.000000
49.000000
69.000000
81.000000
30.000000
51.000000
2.000000
80.000000
12.000000
4.000000
62.000000
1.000000
99.000000
12.000000
95.000000
22.000000
91.000000
29.000000
66.000000
92.000000
25.000000
52.000000
37.000000
16.000000
28.000000
37.000000
11.000000
2.000000
63.000000
75.000000
83.000000
62.000000
58.000000
28.000000
43.000000
50.000000
0.451063
0.044461
-0.000957
0.006061
-0.641523
0.017173
-0.781667
-0.038790
-0.346338
-2.981139
-0.825138
-0.591754
81.000000
91.000000
34.000000
52.000000
4.000000
10.000000
44.000000
27.000000
35.000000
67.000000
31.000000
25.000000
87.000000
3.000000
5.000000
56.000000
45.000000
62.000000
18.000000
92.000000
86.000000
48.000000
23.000000
9.000000
76.000000
25.000000
95.000000
89.000000
48.000000
61.000000
36.000000
68.000000
87.000000
95.000000
30.000000
54.000000
-0.803777
-0.412230
-9.630086
-0.099690
-0.193033
-0.025495
2.000000
75.000000
50.000000
0.000000
39.000000
10.000000
-1.210781
0.270639
0.116973
1.060407
-2.261156
-0.676988
55.000000
67.000000
59.000000
48.000000
99.000000
69.000000
52.000000
60.000000
33.000000
0.000000
85.000000
73.000000
91.000000
44.000000
95.000000
83.000000
70.000000
47.000000
21.000000
67.000000
56.000000
52.000000
53.000000
62.000000
24.000000
99.000000
72.000000
65.000000
83.000000
98.000000
0.057277
-0.747379
-0.190231
-0.305224
-0.922664
-0.681060
3.670197
12.107113
4.000000
-0.126298
-20.505747
16.332886
-4.815157
-6.256409
-6.800528
-8.041564
-0.758991
-31.843981
-23.514590
-5.419489
18.155968
9.111371
11.570972
23.611869
19.000000
14.000000
18.000000
21.000000
81.000000
82.000000
9.000000
70.000000
71.000000
63.000000
53.000000
87.000000
3.000000
99.000000
99.000000
94.000000
55.000000
85.000000
62.000000
65.000000
33.000000
25.000000
10.000000
50.000000
15.000000
13.000000
56.000000
98.000000
17.000000
60.000000
29.000000
21.000000
61.000000
70.000000
20.000000
90.000000
22.000000
85.000000
76.000000
32.000000
20.000000
30.000000
7.000000
63.000000
38.000000
47.000000
19.000000
14.000000
82.000000
47.000000
35.000000
29.000000
5.000000
82.000000
66.000000
83.000000
30.000000
47.000000
90.000000
38.000000
56.000000
31.000000
8.000000
58.000000
82.000000
49.000000
50.000000
75.000000
11.000000
42.000000
0.000000
30.000000
87.000000
81.000000
19.000000
57.000000
48.000000
51.000000
71.000000
6.000000
16.000000
95.000000
8.000000
1.000000
14.000000
14.000000
20.000000
8.000000
19.000000
69.000000
90.000000
44.000000
27.000000
35.000000
82.000000
42.000000
43.000000
88.000000
8.000000
32.000000
10.000000
70.000000
94.000000
76.000000
83.000000
31.000000
89.000000
93.000000
21.000000
68.000000
46.000000
80.000000
46.000000
80.000000
9.000000
96.000000
71.000000
72.000000
35.000000
27.000000
41.000000
30.000000
69.000000
16.000000
20.000000
50.000000
47.000000
21.000000
32.000000
93.000000
46.000000
68.000000
84.000000
60.000000
72.000000
60.000000
45.000000
65.000000
34.000000
47.000000
20.000000
64.000000
68.000000
85.000000
55.000000
87.000000
78.000000
84.000000
66.000000
88.000000
38.000000
74.000000
44.000000
74.000000
81.000000
70.000000
71.000000
66.000000
28.000000
42.000000
56.000000
91.000000
96.000000
12.000000
40.000000
16.000000
79.000000
32.000000
68.000000
90.000000
84.000000
14.000000
18.000000
18.000000
65.000000
5.000000
12.000000
95.000000
71.000000
83.000000
88.000000
6.000000
95.000000
89.000000
69.000000
5.000000
99.000000
81.000000
21.000000
15.000000
47.000000
94.000000
48.000000
79.000000
70.000000
81.000000
92.000000
55.000000
28.000000
86.000000
5.000000
74.000000
20.000000
44.000000
26.000000
83.000000
57.000000
96.000000
12.000000
76.000000
28.000000
38.000000
43.000000
15.000000
65.000000
82.000000
-0.498387
-0.024396
0.035720
-0.469899
0.016682
0.042478
62.000000
66.000000
31.000000
39.000000
68.000000
73.000000
28.000000
36.000000
93.000000
16.000000
63.000000
85.000000
75.000000
3.000000
97.000000
97.000000
68.000000
81.000000
76.000000
66.000000
6.000000
9.000000
3.000000
14.000000
40.000000
31.000000
96.000000
70.000000
30.000000
58.000000
21.000000
5.000000
27.000000
47.000000
22.000000
26.000000
34.000000
76.000000
77.000000
99.000000
20.000000
50.000000
75.000000
48.000000
91.000000
16.000000
91.000000
3.000000
54.000000
53.000000
80.000000
26.000000
3.000000
76.000000
19.000000
48.000000
80.000000
22.000000
62.000000
87.000000
99.000000
35.000000
59.000000
38.000000
32.000000
4.000000
56.000000
77.000000
96.000000
0.000000
43.000000
93.000000
47.000000
26.000000
64.000000
86.000000
66.000000
55.000000
75.000000
26.000000
67.000000
13.000000
23.000000
15.000000
76.000000
6.000000
80.000000
4.000000
42.000000
69.000000
-6.107113
-1.640952
0.154542
-0.472318
13.888824
0.407886
27.000000
0.000000
98.000000
34.000000
99.000000
4.000000
33.000000
13.000000
-15.702420
11.000000
-4.229929
5.975817
6.000000
84.000000
21.000000
0.000000
27.000000
23.000000
30.000000
18.000000
25.000000
21.000000
50.000000
18.000000
16.000000
97.000000
46.000000
88.000000
22.000000
22.000000
58.000000
9.000000
66.000000
70.000000
68.000000
96.000000
1.000000
67.000000
68.000000
67.000000
70.000000
80.000000
24.000000
39.000000
73.000000
82.000000
14.000000
7.000000
18.000000
55.000000
48.000000
81.000000
35.000000
59.000000
32.000000
66.000000
91.000000
61.000000
72.000000
59.000000
29.000000
28.000000
51.000000
8.000000
68.000000
19.000000
73.000000
23.000000
12.000000
90.000000
71.000000
4.000000
9.000000
10.000000
62.000000
7.000000
74.000000
50.000000
74.000000
3.000000
92.000000
51.000000
50.000000
46.000000
4.000000
49.000000
6.000000
9.000000
87.000000
27.000000
-0.033863
-0.003123
0.963243
-0.322211
1.738713
-1.596464
13.000000
23.000000
81.000000
40.000000
54.000000
93.000000
39.000000
87.000000
4.000000
45.000000
10.000000
15.000000
1.000000
44.000000
32.000000
59.000000
66.000000
17.000000
-47.278027
27.890764
-3.744243
-0.526666
-6.272496
-11.189119
61.000000
89.000000
98.000000
91.000000
8.000000
87.000000
54.000000
33.000000
53.000000
58.000000
53.000000
62.000000
1.000000
83.000000
47.000000
56.000000
93.000000
5.000000
79.000000
57.000000
89.000000
36.000000
25.000000
55.000000
86.000000
2.000000
16.000000
28.000000
64.000000
88.000000
77.000000
21.000000
27.000000
84.000000
85.000000
77.000000
61.000000
18.000000
71.000000
88.000000
36.000000
40.000000
69.000000
1.000000
7.000000
86.000000
8.000000
31.000000
79.000000
5.000000
70.000000
59.000000
32.000000
86.000000
96.000000
51.000000
2.000000
54.000000
77.000000
69.000000
97.000000
90.000000
2.000000
31.000000
75.000000
48.000000
5.000000
93.000000
12.000000
84.000000
3.000000
12.000000
6.000000
52.000000
68.000000
66.000000
10.000000
80.000000
74.000000
77.000000
26.000000
3.000000
75.000000
4.000000
29.000000
9.000000
30.000000
84.000000
92.000000
25.000000
17.000000
27.000000
11.000000
79.000000
2.000000
7.000000
51.000000
89.000000
32.000000
89.000000
5.000000
7.000000
73.000000
27.000000
79.000000
15.000000
15.000000
23.000000
65.000000
66.000000
8.000000
65.000000
38.000000
25.000000
41.000000
73.000000
36.000000
71.000000
87.000000
36.000000
2.000000
71.000000
61.000000
87.000000
17.000000
84.000000
96.000000
33.000000
73.000000
51.000000
23.000000
8.000000
36.000000
65.000000
10.000000
8.000000
31.000000
85.000000
30.000000
39.000000
72.000000
96.000000
43.000000
20.000000
44.000000
64.000000
72.000000
72.000000
54.000000
58.000000
98.000000
34.000000
43.000000
83.000000
92.000000
24.000000
39.000000
49.000000
70.000000
66.000000
56.000000
45.000000
0.004090
0.012097
-0.794649
-0.195180
0.010609
0.001334
6.000000
58.000000
56.000000
67.000000
15.000000
6.000000
90.000000
68.000000
10.000000
87.000000
69.000000
72.000000
65.000000
75.000000
72.000000
83.000000
58.000000
58.000000
83.000000
10.000000
89.000000
73.000000
20.000000
77.000000
47.000000
24.000000
64.000000
0.000000
29.000000
17.000000
35.000000
37.000000
16.000000
62.000000
97.000000
97.000000
94.000000
92.000000
98.000000
56.000000
65.000000
96.000000
-0.849712
-0.012113
0.013584
-0.013292
-0.045995
0.031929
-1.137683
-0.693475
0.960678
-0.416370
-6.966651
-42.381974
51.000000
14.000000
92.000000
8.000000
88.000000
33.000000
90.000000
31.000000
19.000000
18.000000
34.000000
96.000000
10.000000
76.000000
93.000000
61.000000
22.000000
69.000000
38.000000
61.000000
56.000000
88.000000
53.000000
94.000000
31.000000
11.000000
47.000000
21.000000
91.000000
62.000000
13.000000
90.000000
39.000000
5.000000
70.000000
17.000000
0.073055
-0.004852
-0.040352
-0.047826
-0.646071
-0.007997
66.000000
97.000000
47.000000
45.000000
76.000000
14.000000
-30.042155
10.522792
0.019543
11.138054
-10.494010
13.284795
43.000000
41.000000
68.000000
58.000000
68.000000
17.000000
8.000000
12.000000
83.000000
78.000000
3.000000
87.000000
57.000000
47.000000
22.000000
58.000000
91.000000
46.000000
20.000000
1.000000
54.000000
5.000000
79.000000
74.000000
55.000000
3.000000
25.000000
47.000000
17.000000
95.000000
54.000000
5.000000
86.000000
73.000000
32.000000
57.000000
60.000000
52.000000
17.000000
16.000000
5.000000
18.000000
0.000000
75.000000
65.000000
57.000000
83.000000
77.000000
58.000000
18.000000
76.000000
71.000000
36.000000
96.000000
7.000000
98.000000
26.000000
96.000000
51.000000
11.000000
77.000000
23.000000
19.000000
61.000000
80.000000
31.000000
34.000000
4.000000
27.000000
37.000000
78.000000
85.000000
99.000000
6.000000
29.000000
34.000000
34.000000
48.000000
0.016959
0.014929
0.030884
0.173119
-0.004214
1.484554
50.000000
82.000000
50.000000
74.000000
70.000000
85.000000
29.000000
66.000000
94.000000
23.000000
61.000000
56.000000
99.000000
39.000000
23.000000
71.000000
73.000000
53.000000
-1.066818
1.413568
2.735364
1.382432
-15.588413
-4.460185
72.000000
56.000000
70.000000
69.000000
39.000000
64.000000
64.000000
56.000000
98.000000
11.000000
21.000000
24.000000
77.000000
81.000000
53.000000
23.000000
91.000000
17.000000
-1.066033
-1.053667
0.122759
0.935896
-0.044320
-0.035488
34.000000
-63.331389
-31.756238
-5.282863
-33.212832
-3.187682
86.000000
22.000000
20.000000
53.000000
56.000000
73.000000
9.000000
93.000000
44.000000
75.000000
82.000000
34.000000
4.143776
-41.286174
-16.125562
-14.389977
20.000000
-21.029844
26.000000
27.000000
27.000000
56.000000
44.000000
4.000000
5.000000
59.000000
79.000000
50.000000
97.000000
31.000000
47.000000
0.000000
49.000000
31.000000
16.000000
79.000000
-6.159824
18.000000
7.390005
2.123509
-10.698434
11.804038
73.000000
8.000000
18.000000
11.000000
72.000000
1.000000
77.000000
79.000000
86.000000
-37.429913
18.000000
45.000000
2.000000
9.000000
34.000000
16.000000
74.000000
6.000000
76.000000
17.000000
41.000000
19.000000
12.000000
35.000000
65.000000
45.000000
48.000000
89.000000
54.000000
74.000000
92.000000
1.371908
67.000000
57.000000
88.000000
29.000000
59.000000
13.000000
1.000000
59.000000
27.000000
42.000000
55.000000
5.000000
22.000000
28.000000
25.000000
4.000000
52.000000
14.000000
98.000000
88.000000
44.000000
38.000000
81.000000
17.000000
4.000000
69.000000
27.000000
36.000000
78.000000
33.000000
15.000000
37.000000
32.000000
41.000000
73.000000
24.000000
7.000000
37.000000
19.000000
69.000000
33.000000
75.000000
61.000000
16.000000
92.000000
85.000000
99.000000
21.000000
14.000000
36.000000
0.000000
57.000000
34.000000
72.000000
97.000000
41.000000
67.000000
65.000000
-0.020380
-0.001864
0.005176
0.006395
-0.055219
0.002421
32.000000
59.000000
41.000000
56.000000
91.000000
84.000000
57.000000
78.000000
24.000000
16.000000
25.000000
19.000000
52.000000
92.000000
83.000000
43.000000
54.000000
69.000000
10.000000
35.000000
9.000000
59.000000
43.000000
80.000000
92.000000
22.000000
72.000000
52.000000
12.000000
20.000000
54.000000
46.000000
31.000000
45.000000
14.000000
49.000000
62.000000
84.000000
19.000000
65.000000
16.000000
7.000000
0.049394
0.027379
-2.156178
0.023412
0.518129
0.614819
12.465433
17.447934
11.000000
-0.681739
4.950537
5.769827
44.000000
89.000000
41.000000
64.000000
24.000000
57.000000
30.000000
77.000000
69.000000
23.000000
57.000000
69.000000
6.000000
88.000000
58.000000
19.000000
19.000000
22.000000
93.000000
18.000000
5.000000
31.000000
34.000000
55.000000
96.000000
62.000000
93.000000
87.000000
11.000000
94.000000
7.000000
63.000000
99.000000
64.000000
52.000000
18.000000
0.033815
23.569123
-0.048445
0.109495
0.251806
-0.237608
74.000000
4.000000
53.000000
21.000000
30.000000
90.000000
6.000000
40.266908
-10.031025
-34.497762
-22.058085
60.000000
80.000000
31.000000
16.000000
69.000000
46.000000
53.000000
80.000000
36.000000
1.000000
53.000000
78.000000
14.000000
87.000000
14.000000
31.000000
32.000000
56.000000
79.000000
91.000000
25.000000
74.000000
30.000000
16.000000
54.000000
14.000000
53.000000
75.000000
71.000000
98.000000
63.000000
-34.373329
47.398372
56.000000
61.000000
14.792945
0.007744
59.000000
93.000000
3.000000
71.000000
88.000000
2.000000
61.000000
94.000000
44.000000
86.000000
15.000000
39.000000
29.109587
5.000000
10.000000
22.657851
-4.544181
23.000000
15.000000
25.000000
26.000000
51.000000
55.000000
3.000000
86.000000
28.000000
16.000000
31.000000
14.000000
88.000000
64.000000
14.000000
23.000000
88.000000
31.000000
20.000000
43.000000
48.000000
1.000000
0.000000
86.000000
3.000000
-4.719379
-0.499438
0.230331
-0.493530
-0.215848
0.958824
60.000000
2.000000
25.000000
29.000000
30.000000
10.000000
57.000000
22.000000
16.000000
51.000000
81.000000
94.000000
19.000000
74.000000
95.000000
33.000000
30.000000
90.000000
-4.657491
27.495514
27.502802
-1.065920
8.777186
12.626065
41.000000
5.000000
51.000000
87.000000
95.000000
66.000000
36.000000
47.000000
29.000000
84.000000
78.000000
95.000000
42.000000
80.000000
59.000000
6.000000
30.000000
54.000000
-4.671293
0.169616
0.232726
0.120546
0.355085
-0.962750
-11.694956
40.594380
39.426167
10.587306
10.835024
-25.124377
39.000000
79.000000
69.000000
67.000000
76.000000
99.000000
45.000000
65.000000
66.000000
10.000000
14.000000
61.000000
0.000000
41.000000
26.000000
62.000000
-9.391324
53.000000
74.000000
98.000000
28.000000
29.000000
5.000000
71.000000
31.000000
73.000000
65.000000
2.000000
66.000000
21.000000
53.000000
39.000000
45.000000
41.000000
66.000000
71.000000
-9.802968
11.000000
-4.933913
-23.860245
5.031413
1.000000
1.000000
25.000000
4.000000
49.000000
94.000000
76.000000
-9.659278
-38.728249
22.000000
15.000000
50.000000
27.117549
64.000000
6.000000
14.000000
9.000000
69.000000
64.000000
45.387334
23.688684
64.000000
1.457440
11.817142
36.000000
20.000000
63.000000
38.000000
15.000000
72.000000
97.000000
43.000000
88.000000
48.000000
4.000000
29.000000
99.000000
7.000000
29.000000
24.000000
62.000000
16.000000
72.000000
86.000000
26.000000
21.000000
46.000000
16.000000
37.000000
72.000000
37.000000
49.000000
22.000000
15.000000
88.000000
10.000000
58.000000
91.000000
96.000000
55.000000
61.000000
37.000000
78.000000
57.000000
52.000000
38.000000
29.000000
69.000000
58.000000
75.000000
83.000000
52.000000
4.000000
31.000000
39.000000
79.000000
13.000000
83.000000
21.000000
13.000000
94.000000
90.000000
53.000000
30.000000
34.000000
43.000000
85.000000
90.000000
6.000000
3.000000
58.000000
-0.127893
-0.353953
-0.003268
0.013648
0.036172
0.010555
58.000000
6.000000
12.000000
62.000000
60.000000
84.000000
29.000000
96.000000
38.000000
22.000000
37.000000
0.000000
80.000000
46.000000
52.000000
59.000000
43.000000
16.000000
14.000000
96.000000
62.000000
77.000000
38.000000
24.000000
77.000000
9.000000
98.000000
28.000000
92.000000
61.000000
26.000000
16.000000
26.000000
1.000000
67.000000
3.000000
32.000000
33.000000
10.000000
23.000000
43.000000
66.000000
-0.290806
0.281444
0.145905
0.177626
-0.358451
-0.397935
-0.028957
0.098348
-0.792535
-0.358626
-2.908981
-3.529379
98.000000
37.000000
67.000000
76.000000
12.000000
29.000000
67.000000
31.000000
92.000000
1.000000
93.000000
59.000000
2.000000
6.000000
53.000000
50.000000
32.000000
16.000000
85.000000
15.000000
51.000000
19.000000
87.000000
28.000000
86.000000
94.000000
23.000000
78.000000
9.000000
67.000000
89.000000
5.000000
92.000000
80.000000
94.000000
56.000000
0.866949
-0.901032
0.254423
-0.930911
0.016632
-0.214250
39.000000
24.000000
8.000000
22.000000
93.000000
38.000000
-0.175609
-0.043196
-0.210697
-0.219632
-0.292255
-0.230864
62.000000
50.000000
49.000000
80.000000
13.000000
33.000000
36.000000
77.000000
45.000000
20.000000
41.000000
97.000000
43.000000
86.000000
17.000000
52.000000
63.000000
49.000000
87.000000
31.000000
80.000000
43.000000
2.000000
27.000000
42.000000
95.000000
17.000000
68.000000
48.000000
35.000000
-0.850300
-0.185532
0.067810
-0.602038
0.158753
-2.788049
-18.892946
-23.167637
14.111657
-1.580405
13.555552
-3.022405
30.258117
17.000000
0.000000
-54.388272
-2.842283
-33.513541
-43.896219
17.000000
5.000000
-3.730833
18.974151
34.000000
55.000000
29.000000
71.000000
31.000000
17.000000
12.000000
41.000000
47.000000
98.000000
91.000000
90.000000
51.000000
82.000000
85.000000
67.000000
72.000000
69.000000
44.000000
32.000000
19.000000
58.000000
71.000000
15.000000
74.000000
0.003889
-0.409798
-0.034851
-0.185180
-0.255041
-0.005908
99.000000
83.000000
64.000000
65.000000
31.000000
11.000000
89.000000
18.000000
75.000000
47.000000
14.000000
37.000000
35.000000
78.000000
64.000000
24.000000
23.000000
64.000000
-0.040272
0.530155
-0.008474
-0.092106
-0.589002
-0.482030
3.000000
86.000000
54.000000
18.000000
56.000000
53.000000
88.000000
24.000000
69.000000
83.000000
16.000000
31.000000
92.000000
23.000000
34.000000
7.000000
82.000000
0.000000
-0.165183
0.047547
1.515916
-0.976416
1.465659
-0.058683
-22.671059
46.000000
11.000000
33.000000
-8.892863
-30.424319
70.000000
26.000000
47.000000
14.000000
85.000000
94.000000
19.000000
94.000000
85.000000
75.000000
82.000000
58.000000
8.694388
7.688395
-7.787228
1.851467
-32.668838
10.000000
26.000000
2.000000
47.000000
52.000000
96.000000
50.000000
57.000000
43.000000
80.000000
15.000000
8.000000
33.000000
44.000000
51.000000
58.000000
87.000000
93.000000
43.000000
-1.342905
-0.377236
0.001516
-3.882311
-0.445419
-0.573348
15.000000
39.000000
20.000000
41.000000
6.000000
79.000000
-0.147676
-0.276178
-0.190408
-33.193964
-0.350759
-2.371572
95.000000
27.000000
87.000000
43.000000
32.000000
35.000000
-51.052793
38.000000
20.853622
10.765747
15.000000
10.000000
20.000000
25.000000
40.000000
5.000000
40.000000
38.000000
80.000000
84.000000
42.000000
60.000000
99.000000
54.000000
39.000000
26.000000
39.000000
6.000000
78.000000
0.000000
-11.929095
8.000000
21.553413
-25.938031
44.000000
34.035908
12.000000
42.000000
72.000000
13.000000
96.000000
48.000000
85.000000
88.000000
76.000000
84.000000
52.000000
23.000000
61.000000
96.000000
17.000000
68.000000
4.000000
55.000000
10.000000
65.000000
72.000000
77.000000
10.000000
20.000000
78.000000
8.000000
1.000000
71.000000
7.000000
26.000000
23.000000
0.000000
59.000000
72.000000
72.000000
77.000000
96.000000
66.000000
51.000000
59.000000
69.000000
80.000000
